200
23 24 28 40 42 44
11 33 34 42 45
10 22 41 48 49 50
6 11 37 43 45
14 18 35
4 8 37 39 46
18 43
6 17 19 22 36
30 36 48
3 22 27 47
2 4 28 33 40
20 30 38 43
18 23 33 43
5 20 35
22
24 30
8 21 42 47
5 7 13 27 49 50
8 25 28 31 41 49
12 14 22 47
17 37 45
3 8 10 15 20 24 27 40 45 50
1 13 32 37
1 16 22 28 40
19 29
38
10 18 22 28 29 39
1 11 19 24 27 29 39 50
25 27 28 33
9 12 16 38 48 49
19 35 43 44 46
23 33 44 45 48
2 11 13 29 32 37
2 45 46
5 14 31 36
8 9 35
4 6 21 23 33 40 50
12 26 30 43
6 27 28 42 47 48
1 11 22 24 37
3 19
1 2 17 39
4 7 12 13 31 38 50
1 31 32 48
2 4 21 22 32 34
6 31 34 48
10 17 20 39
3 9 30 32 39 44 46
3 18 19 30
3 18 22 28 37 43
53 62 78 79 87 98
62 70 82 85 89 95
51 63 70 77 96 97
57 65 70 82 96 99
57 87 90 99 100
59 61 73 93 100
54 55 62 63 94
70
56 65 77 85
65 69 71 82 83
56 64 69 96 100
51 52 57 64 78 95
53 57 84
61 62 85 92
54 59 60 69 74 79
69 91
96
71 83 88
60 61 65 66 76 90 94
52 53 54 58 74 77 81 84 99
60 68 74 78 80
84 96
56 76 81 97
65 70 71 75
74 85
69 73 100
53 59 70 86
51 62 71 79 84 93
51 65 78 92 100
71 89 90 91 100
70 73 92
52 54 60 92 97
60 68 89 98
63 70 72 78 85 100
52 59 64 75 84
77 97
51 55 95 100
68 90 94
52 80 83 99
55 69 80 88 99 100
66 80
64 79 81 82 93 97
56 78 92
57 69 88
52 62 87 96
53 54 61 67 72 95
53 73 82 86 92 99
51 83
54 55 70 89 90 97
55 56 61 76 79 80 84 87 90
102 125 137 143 147
101 106 107 113 116 117
105 135 139 141 146
114 115 131 143 149
103 107 111 114 121 140 145
102 108 130 138 141
102 105 113 122 123 126 133 143
106 111 118 132 145
129
120 127 131 143
105 108 124 129 132 134 147 148
114 130 135 136
102 107 120 132 133 137 141 148
104 105 112 117 121 122 127 140 142 146 149
104 116 121 123 128 144 146
102 115 131 143 148
102 114 141
108 129 132 139
121 140 141
110 113 122 140 142 146 147 148
105 114 115 119 124 135 148 149
107 114 120 124 127
107 115 130 149
111 121 122 128 143 145 150
101 128 135
107 131 138 143 144
110 114 122 143
115 124 125
109 111 118 130 141 150
106 112 123 129 146 147 148
104 110 116 126 133 139 147
108 111 113 118 133 145 148
107 113 131 132
111 149
103 112 121 125 137 138 144
112 147
101 113 135
106 126 135
103 118 131
105 114 119 120 143 149
103 106 113 117 119 129
114 120 148
101 104 107 110 116 124 126 127 140 146 148
115 126 135
105 108 124 132
103 114 115 120 130 143
101 111 120 130 131 136
111 113 116 120 121 130 132 142 143
104 114 121 123 134 140
124 129
174 177
155 164 172 175 176
159 167 170 196 197
166 172
152 197
158 160 169 174 187 194 196
198
156 172 181 194
153 161 181
156 176 190
159 196
168 184
164
152 163 195
190
154 173 174 197
153 181
162
156 195
153 178 200
183
152 154 158 189
166 187
151 156 166
152
152 160
151 184 189
170
185 187 188 193 197
197
158 159 167 190
88
171
162 177
179 198
52
156 173 179 197
179 198
172 177
160 165 181
1
152
179 199
156 158
164 169
153 156 161
153 155 166 179 180 187 198
157 185 188 197
193
170
