100
144 797951344 1
78 631228415 77
14 828540146 13
17 900306316 1
999999998 199360437 1
91 111224659 1
999999998 999999997 1
5 815446299 4
169 647839529 169
15 855047220 12
12 276834827 2
43 476872149 17
105 468562081 105
457 359999921 457
764720478 764720478 764720477
3 13715413 2
8 381876695 7
5 311730064 2
5 387579880 4
453536154 907063120 8087
337 872277267 336
999999999 1000000000 198524846
137 818337315 136
471761532 943523064 2
999999999 26473 496467265
405302092 810604185 2
507819425 507833806 507819216
62 371931490 62
13 564115903 1
17 362817298 2
999999999 999969318 999999999
730893750 730899103 1
1000000000 59921237 1000000000
1000000000 1 999999999
74 430749931 2
999999999 23246 999999999
141 879553978 140
87 333035699 1
90 726441749 2
999999999 999973948 1
2 451580581 1
413774088 413763367 413759196
81 370735055 2
108 924189049 2
132 528300818 41
1000000000 1 999997014
152 947126755 152
186 199237434 186
3 890086306 3
22219 558762339 1
999999999 949971692 711204403
9 497113948 8
13246005 741774288 741
14 624976423 2
2 181015967 2
3 516125321 2
93 946448166 92
1 606073230 1
9 989180573 2
180 529823881 179
503174104 1 21748
1000000000 11760 601277438
86 770200864 85
999999999 999999998 2
999999999 999982623 169149836
666463 29459328 1
97 273367631 2
1000000000 483725563 959105635
14 364293642 14
4 562779206 4
16 386377775 1
232658393 306154700 210003220
40 195989920 21
25 617633625 16
16 830925375 2
161 356574911 160
1 650168030 1
17 90945321 16
3 34267877 2
12 136006967 1
142 290614633 142
1000000000 1000000000 999974575
801706164 801689299 17858
1000000000 999982835 2
144 623838816 143
82 787282985 2
73 251657353 2
1000000000 1 6110
791932238 1 791930249
9 394236324 5
11 801238467 10
20 952293580 20
53 941654710 25
250 44248010 143
73 572762672 72
67 315132489 66
14 918556619 13
166 539150084 166
999999998 999999999 1
191 391250525 1
